0       23  V    66  23066.      0.  1.8567E-17  1.1883E-17
1       23  V    67  23067.      0.  4.4152E-18  2.8258E-18
2       24  Cr   66  24066.      0.  1.5200E-13  9.7278E-14
3       24  Cr   67  24067.      0.  3.0699E-14  1.9648E-14
4       24  Cr   68  24068.      0.  0.0000E+00  0.0000E+00
5       24  Cr   69  24069.      0.  2.1096E-16  1.3501E-16
6       24  Cr   70  24070.      0.  0.0000E+00  0.0000E+00
7       24  Cr   71  24071.      0.  3.7165E-18  2.3785E-18
8       25  Mn   66  25066.      0.  1.8500E-11  1.1840E-11
9       25  Mn   67  25067.      0.  1.0200E-11  6.5278E-12
10      25  Mn   68  25068.      0.  3.8799E-12  2.4831E-12
11      25  Mn   69  25069.      0.  9.8198E-13  6.2846E-13
12      25  Mn   70  25070.      0.  1.4800E-13  9.4718E-14
13      25  Mn   71  25071.      0.  1.7300E-14  1.1072E-14
14      25  Mn   72  25072.      0.  6.4619E-16  4.1356E-16
15      25  Mn   73  25073.      0.  9.9954E-17  6.3971E-17
16      26  Fe   66  26066.      0.  2.4799E-10  1.5872E-10
17      26  Fe   67  26067.      0.  3.3499E-10  2.1440E-10
18      26  Fe   68  26068.      0.  3.2299E-10  2.0672E-10
19      26  Fe   69  26069.      0.  2.1400E-10  1.3696E-10
20      26  Fe   70  26070.      0.  8.8898E-11  5.6895E-11
21      26  Fe   71  26071.      0.  2.8199E-11  1.8047E-11
22      26  Fe   72  26072.      0.  5.2899E-12  3.3855E-12
23      26  Fe   73  26073.      0.  6.9498E-13  4.4479E-13
24      26  Fe   74  26074.      0.  5.9199E-14  3.7887E-14
25      26  Fe   75  26075.      0.  3.6950E-15  2.3648E-15
26      26  Fe   76  26076.      0.  0.0000E+00  0.0000E+00
27      27  Co   66  27066.      0.  4.9199E-10  3.1487E-10
28      27  Co   67  27067.      0.  1.1600E-09  7.4238E-10
29      27  Co   68  27068.      0.  2.2399E-09  1.4336E-09
30      27  Co   69  27069.      0.  3.3399E-09  2.1375E-09
31      27  Co   70  27070.      0.  3.4499E-09  2.2079E-09
32      27  Co   71  27071.      0.  2.7999E-09  1.7920E-09
33      27  Co   72  27072.      0.  1.4300E-09  9.1518E-10
34      27  Co   73  27073.      0.  5.0599E-10  3.2383E-10
35      27  Co   74  27074.      0.  1.1800E-10  7.5518E-11
36      27  Co   75  27075.      0.  1.7200E-11  1.1008E-11
37      27  Co   76  27076.      0.  1.7900E-12  1.1456E-12
38      27  Co   77  27077.      0.  5.8678E-14  3.7554E-14
39      27  Co   78  27078.      0.  1.0261E-14  6.5670E-15
40      28  Ni   66  28066.      0.  5.2599E-10  2.3669E-10
41      28  Ni   67  28067.      0.  1.4300E-09  6.4348E-10
42      28  Ni   68  28068.      0.  3.7399E-09  2.3935E-09
43      28  Ni   69  28069.      0.  8.9898E-09  5.7535E-09
44      28  Ni   70  28070.      0.  1.8000E-08  1.1520E-08
45      28  Ni   71  28071.      0.  3.1599E-08  2.0223E-08
46      28  Ni   72  28072.      0.  3.8899E-08  2.4895E-08
47      28  Ni   73  28073.      0.  3.4499E-08  2.2079E-08
48      28  Ni   74  28074.      0.  2.0900E-08  1.3376E-08
49      28  Ni   75  28075.      0.  8.3498E-09  5.3439E-09
50      28  Ni   76  28076.      0.  2.3699E-09  1.5168E-09
51      28  Ni   77  28077.      0.  4.0799E-10  2.6111E-10
52      28  Ni   78  28078.      0.  8.3998E-11  5.3759E-11
53      28  Ni   79  28079.      0.  2.0323E-12  1.3006E-12
54      28  Ni   80  28080.      0.  2.0999E-13  1.3440E-13
55      28  Ni   81  28081.      0.  1.9657E-14  1.2580E-14
56      28  Ni   82  28082.      0.  0.0000E+00  0.0000E+00
57      29  Cu   66  29066.      0.  5.2599E-10  2.3669E-10
58      29  Cu   67  29067.      0.  1.4400E-09  6.4798E-10
59      29  Cu   68  29068.      0.  3.7999E-09  1.7100E-09
60      29  Cu   68  29068.      1.  6.8598E-11  4.3903E-11
61      29  Cu   69  29069.      0.  9.8898E-09  4.4504E-09
62      29  Cu   70  29070.      0.  1.0400E-08  6.6558E-09
63      29  Cu   70  29070.      1.  1.3200E-08  8.4478E-09
64      29  Cu   71  29071.      0.  5.7299E-08  3.6671E-08
65      29  Cu   72  29072.      0.  1.1800E-07  7.5518E-08
66      29  Cu   73  29073.      0.  2.0400E-07  1.3056E-07
67      29  Cu   74  29074.      0.  2.7299E-07  1.7472E-07
68      29  Cu   75  29075.      0.  2.6799E-07  1.7152E-07
69      29  Cu   76  29076.      0.  1.9199E-07  1.2288E-07
70      29  Cu   77  29077.      0.  8.9398E-08  5.7215E-08
71      29  Cu   78  29078.      0.  4.9499E-08  3.1679E-08
72      29  Cu   79  29079.      0.  9.4598E-09  6.0542E-09
73      29  Cu   80  29080.      0.  9.5598E-10  6.1182E-10
74      29  Cu   81  29081.      0.  9.1498E-11  5.8558E-11
75      29  Cu   82  29082.      0.  5.6399E-12  3.6095E-12
76      29  Cu   83  29083.      0.  3.8543E-13  2.4668E-13
77      30  Zn   66  30066.      0.  5.2599E-10  1.6832E-10
78      30  Zn   67  30067.      0.  1.4400E-09  4.6079E-10
79      30  Zn   68  30068.      0.  3.8399E-09  1.2288E-09
80      30  Zn   69  30069.      0.  9.9098E-09  4.4594E-09
81      30  Zn   69  30069.      1.  1.2800E-11  8.1918E-12
82      30  Zn   70  30070.      0.  2.3899E-08  5.4969E-09
83      30  Zn   71  30071.      0.  5.7799E-08  2.6009E-08
84      30  Zn   71  30071.      1.  2.3699E-09  1.5168E-09
85      30  Zn   72  30072.      0.  1.4000E-07  6.2998E-08
86      30  Zn   73  30073.      0.  3.1499E-07  2.0160E-07
87      30  Zn   74  30074.      0.  6.5498E-07  4.1919E-07
88      30  Zn   75  30075.      0.  1.2100E-06  7.7438E-07
89      30  Zn   76  30076.      0.  1.8299E-06  1.1712E-06
90      30  Zn   77  30077.      0.  2.0199E-06  1.2928E-06
91      30  Zn   78  30078.      0.  2.7699E-06  1.7728E-06
92      30  Zn   79  30079.      0.  1.3700E-06  8.7678E-07
93      30  Zn   80  30080.      0.  3.7699E-07  2.4127E-07
94      30  Zn   81  30081.      0.  9.7698E-08  6.2526E-08
95      30  Zn   82  30082.      0.  1.7000E-08  1.0880E-08
96      30  Zn   83  30083.      0.  2.6799E-09  1.7152E-09
97      30  Zn   84  30084.      0.  1.2800E-10  8.1918E-11
98      30  Zn   85  30085.      0.  6.1225E-12  3.9184E-12
99      30  Zn   86  30086.      0.  1.0500E-13  6.7198E-14
100     31  Ga   66  31066.      0.  0.0000E+00  0.0000E+00
101     31  Ga   67  31067.      0.  0.0000E+00  0.0000E+00
102     31  Ga   68  31068.      0.  0.0000E+00  0.0000E+00
103     31  Ga   69  31069.      0.  9.9098E-09  3.1711E-09
104     31  Ga   70  31070.      0.  7.7698E-13  4.9727E-13
105     31  Ga   71  31071.      0.  6.0199E-08  1.9263E-08
106     31  Ga   72  31072.      1.  2.3699E-10  1.5168E-10
107     31  Ga   72  31072.      0.  1.4100E-07  9.0238E-08
108     31  Ga   73  31073.      0.  3.2099E-07  1.4445E-07
109     31  Ga   74  31074.      1.  5.1649E-07  3.3055E-07
110     31  Ga   74  31074.      0.  5.7586E-07  3.6855E-07
111     31  Ga   75  31075.      0.  1.5100E-06  9.6638E-07
112     31  Ga   76  31076.      0.  3.0599E-06  1.3770E-06
113     31  Ga   77  31077.      0.  5.4399E-06  3.4815E-06
114     31  Ga   78  31078.      0.  1.4120E-05  9.0366E-06
115     31  Ga   79  31079.      0.  1.5010E-05  9.6062E-06
116     31  Ga   80  31080.      0.  9.9997E-06  6.3998E-06
117     31  Ga   81  31081.      0.  6.5098E-06  4.1663E-06
118     31  Ga   82  31082.      0.  3.0299E-06  1.9392E-06
119     31  Ga   83  31083.      0.  1.3500E-06  8.6398E-07
120     31  Ga   84  31084.      0.  1.8500E-07  1.1840E-07
121     31  Ga   85  31085.      0.  2.8499E-08  1.8240E-08
122     31  Ga   86  31086.      0.  1.3300E-09  8.5118E-10
123     31  Ga   87  31087.      0.  2.9051E-11  1.8593E-11
124     31  Ga   88  31088.      0.  1.9422E-12  1.2430E-12
125     32  Ge   66  32066.      0.  0.0000E+00  0.0000E+00
126     32  Ge   67  32067.      0.  0.0000E+00  0.0000E+00
127     32  Ge   68  32068.      0.  0.0000E+00  0.0000E+00
128     32  Ge   69  32069.      0.  0.0000E+00  0.0000E+00
129     32  Ge   70  32070.      0.  7.7698E-13  4.9727E-13
130     32  Ge   71  32071.      0.  1.7000E-14  1.0880E-14
131     32  Ge   71  32071.      1.  0.0000E+00  0.0000E+00
132     32  Ge   72  32072.      0.  1.4100E-07  4.5119E-08
133     32  Ge   73  32073.      0.  3.2099E-07  1.0272E-07
134     32  Ge   73  32073.      1.  3.2099E-07  1.4445E-07
135     32  Ge   74  32074.      0.  7.0598E-07  2.2591E-07
136     32  Ge   75  32075.      0.  1.5200E-06  6.8398E-07
137     32  Ge   75  32075.      1.  7.0198E-08  3.1589E-08
138     32  Ge   76  32076.      0.  3.1699E-06  1.0144E-06
139     32  Ge   77  32077.      0.  2.3699E-06  1.0665E-06
140     32  Ge   77  32077.      1.  4.8899E-06  3.1295E-06
141     32  Ge   78  32078.      0.  2.0339E-05  4.6781E-06
142     32  Ge   79  32079.      1.  9.4553E-06  6.0514E-06
143     32  Ge   79  32079.      0.  2.3352E-05  1.4945E-05
144     32  Ge   80  32080.      0.  3.9789E-05  2.5465E-05
145     32  Ge   81  32081.      0.  5.2339E-05  3.3497E-05
146     32  Ge   82  32082.      0.  5.7079E-05  3.6530E-05
147     32  Ge   83  32083.      0.  6.4518E-05  4.1292E-05
148     32  Ge   84  32084.      0.  2.4159E-05  1.5462E-05
149     32  Ge   85  32085.      0.  1.0680E-05  6.8350E-06
150     32  Ge   86  32086.      0.  1.4200E-06  9.0878E-07
151     32  Ge   87  32087.      0.  2.0199E-07  1.2928E-07
152     32  Ge   88  32088.      0.  1.5900E-08  1.0176E-08
153     32  Ge   89  32089.      0.  2.3416E-10  1.4986E-10
154     32  Ge   90  32090.      0.  1.8181E-11  1.1636E-11
155     32  Ge   91  32091.      0.  2.5559E-12  1.6358E-12
156     33  As   69  33069.      0.  0.0000E+00  0.0000E+00
157     33  As   71  33071.      0.  0.0000E+00  0.0000E+00
158     33  As   72  33072.      0.  0.0000E+00  0.0000E+00
159     33  As   73  33073.      0.  1.0500E-14  6.7198E-15
160     33  As   74  33074.      0.  6.3798E-13  4.0831E-13
161     33  As   74  33074.      1.  4.4599E-13  2.8543E-13
162     33  As   75  33075.      0.  1.5200E-06  4.8639E-07
163     33  As   76  33076.      0.  7.5598E-10  4.8383E-10
164     33  As   77  33077.      0.  6.2498E-06  1.9999E-06
165     33  As   78  33078.      0.  2.0609E-05  2.2670E-06
166     33  As   79  33079.      0.  3.4339E-05  1.5453E-05
167     33  As   80  33080.      0.  4.7589E-05  2.1415E-05
168     33  As   81  33081.      0.  8.1108E-05  3.6499E-05
169     33  As   82  33082.      0.  9.7048E-05  6.2110E-05
170     33  As   82  33082.      1.  3.9979E-05  2.5587E-05
171     33  As   83  33083.      0.  2.9777E-04  1.9057E-04
172     33  As   84  33084.      1.  1.0948E-04  7.0069E-05
173     33  As   84  33084.      0.  1.3414E-04  8.5851E-05
174     33  As   85  33085.      0.  2.6866E-04  1.7194E-04
175     33  As   86  33086.      0.  9.4708E-05  6.0613E-05
176     33  As   87  33087.      0.  3.7999E-05  2.4319E-05
177     33  As   88  33088.      0.  8.6598E-06  5.5423E-06
178     33  As   89  33089.      0.  1.0900E-06  6.9758E-07
179     33  As   90  33090.      0.  7.1883E-08  4.6005E-08
180     33  As   91  33091.      0.  1.1897E-08  7.6142E-09
181     33  As   92  33092.      0.  7.4392E-11  4.7611E-11
182     33  As   93  33093.      0.  1.1066E-11  7.0821E-12
183     34  Se   72  34072.      0.  0.0000E+00  0.0000E+00
184     34  Se   73  34073.      0.  0.0000E+00  0.0000E+00
185     34  Se   73  34073.      1.  0.0000E+00  0.0000E+00
186     34  Se   74  34074.      0.  2.0899E-13  9.4048E-14
187     34  Se   75  34075.      0.  0.0000E+00  0.0000E+00
188     34  Se   76  34076.      0.  7.5598E-10  4.8383E-10
189     34  Se   77  34077.      0.  6.2498E-06  1.4375E-06
190     34  Se   77  34077.      1.  1.8800E-08  6.0159E-09
191     34  Se   78  34078.      0.  2.0609E-05  2.2670E-06
192     34  Se   79  34079.      0.  3.4359E-05  1.5462E-05
193     34  Se   79  34079.      1.  3.4339E-05  1.5453E-05
194     34  Se   80  34080.      0.  4.7839E-05  1.5308E-05
195     34  Se   81  34081.      0.  8.3348E-05  2.6671E-05
196     34  Se   81  34081.      1.  1.9500E-06  1.2480E-06
197     34  Se   82  34082.      0.  1.5254E-04  2.4406E-05
198     34  Se   83  34083.      0.  1.9732E-04  1.2628E-04
199     34  Se   83  34083.      1.  2.1171E-04  1.3550E-04
200     34  Se   84  34084.      0.  6.3238E-04  2.8457E-04
201     34  Se   85  34085.      0.  5.0933E-04  3.2597E-04
202     34  Se   85  34085.      1.  3.8305E-04  2.4515E-04
203     34  Se   86  34086.      0.  7.7371E-04  4.9518E-04
204     34  Se   87  34087.      0.  7.3185E-04  4.6838E-04
205     34  Se   88  34088.      0.  4.5071E-04  2.8845E-04
206     34  Se   89  34089.      0.  1.5425E-04  9.8718E-05
207     34  Se   90  34090.      0.  4.1529E-05  2.6579E-05
208     34  Se   91  34091.      0.  5.8399E-06  3.7375E-06
209     34  Se   92  34092.      0.  6.0898E-07  3.8975E-07
210     34  Se   93  34093.      0.  7.6941E-08  4.9242E-08
211     34  Se   94  34094.      0.  2.3499E-09  1.5040E-09
212     34  Se   95  34095.      0.  4.8151E-11  3.0816E-11
213     34  Se   96  34096.      0.  1.5500E-12  9.9197E-13
214     35  Br   75  35075.      0.  0.0000E+00  0.0000E+00
215     35  Br   77  35077.      0.  0.0000E+00  0.0000E+00
216     35  Br   77  35077.      1.  0.0000E+00  0.0000E+00
217     35  Br   78  35078.      0.  3.0899E-13  1.9775E-13
218     35  Br   79  35079.      0.  3.4359E-05  1.0995E-05
219     35  Br   79  35079.      1.  1.2200E-11  7.8078E-12
220     35  Br   80  35080.      0.  4.8199E-10  3.0847E-10
221     35  Br   80  35080.      1.  3.6199E-10  2.3167E-10
222     35  Br   81  35081.      0.  8.3358E-05  1.3337E-05
223     35  Br   82  35082.      0.  2.2099E-07  1.4144E-07
224     35  Br   82  35082.      1.  6.6798E-08  4.2751E-08
225     35  Br   83  35083.      0.  4.1332E-04  2.4799E-05
226     35  Br   84  35084.      0.  6.4155E-04  2.0530E-04
227     35  Br   84  35084.      1.  1.6300E-05  1.0432E-05
228     35  Br   85  35085.      0.  1.0846E-03  2.4946E-04
229     35  Br   86  35086.      0.  9.8342E-04  4.4254E-04
230     35  Br   86  35086.      1.  2.1110E-04  1.3510E-04
231     35  Br   87  35087.      0.  1.8345E-03  1.1741E-03
232     35  Br   88  35088.      0.  2.1477E-03  1.3745E-03
233     35  Br   89  35089.      0.  1.6460E-03  1.0534E-03
234     35  Br   90  35090.      0.  1.1278E-03  7.2179E-04
235     35  Br   91  35091.      0.  4.1792E-04  2.6747E-04
236     35  Br   92  35092.      0.  1.2041E-04  7.7060E-05
237     35  Br   93  35093.      0.  2.5309E-05  1.6198E-05
238     35  Br   94  35094.      0.  3.5799E-06  2.2911E-06
239     35  Br   95  35095.      0.  2.2413E-07  1.4345E-07
240     35  Br   96  35096.      0.  1.9100E-08  1.2224E-08
241     35  Br   97  35097.      0.  2.8620E-10  1.8317E-10
242     35  Br   98  35098.      0.  2.1011E-11  1.3447E-11
243     35  Br   99  35099.      0.  1.4916E-11  9.5465E-12
244     36  Kr   77  36077.      0.  0.0000E+00  0.0000E+00
245     36  Kr   78  36078.      0.  0.0000E+00  0.0000E+00
246     36  Kr   79  36079.      1.  0.0000E+00  0.0000E+00
247     36  Kr   79  36079.      0.  0.0000E+00  0.0000E+00
248     36  Kr   80  36080.      0.  4.8199E-10  3.0847E-10
249     36  Kr   81  36081.      0.  5.6499E-12  3.6159E-12
250     36  Kr   81  36081.      1.  7.3398E-13  4.6975E-13
251     36  Kr   82  36082.      0.  2.2299E-07  1.4272E-07
252     36  Kr   83  36083.      0.  4.1333E-04  2.4800E-05
253     36  Kr   83  36083.      1.  4.1332E-04  2.4799E-05
254     36  Kr   84  36084.      0.  6.5811E-04  1.0530E-04
255     36  Kr   85  36085.      0.  2.2151E-04  2.4367E-05
256     36  Kr   85  36085.      1.  1.0857E-03  1.1942E-04
257     36  Kr   86  36086.      0.  1.2738E-03  2.0381E-04
258     36  Kr   87  36087.      0.  2.1461E-03  9.6572E-04
259     36  Kr   88  36088.      0.  3.1242E-03  3.4367E-04
260     36  Kr   89  36089.      0.  3.4299E-03  5.4879E-04
261     36  Kr   90  36090.      0.  4.2720E-03  2.7341E-03
262     36  Kr   91  36091.      0.  3.5547E-03  2.2750E-03
263     36  Kr   92  36092.      0.  2.4368E-03  1.5596E-03
264     36  Kr   93  36093.      0.  1.3142E-03  8.4109E-04
265     36  Kr   94  36094.      0.  4.9218E-04  3.1499E-04
266     36  Kr   95  36095.      0.  1.1002E-04  7.0411E-05
267     36  Kr   96  36096.      0.  1.9860E-05  1.2710E-05
268     36  Kr   97  36097.      0.  1.9900E-06  1.2736E-06
269     36  Kr   98  36098.      0.  1.7200E-07  1.1008E-07
270     36  Kr   99  36099.      0.  1.0371E-07  6.6377E-08
271     36  Kr  100  36100.      0.  2.6899E-10  1.7216E-10
272     36  Kr  101  36101.      0.  2.4784E-11  1.5862E-11
273     37  Rb   79  37079.      0.  0.0000E+00  0.0000E+00
274     37  Rb   81  37081.      0.  0.0000E+00  0.0000E+00
275     37  Rb   83  37083.      0.  3.4899E-12  2.2335E-12
276     37  Rb   84  37084.      0.  1.7300E-10  1.1072E-10
277     37  Rb   85  37085.      0.  1.0903E-03  6.5417E-05
278     37  Rb   86  37086.      1.  2.7499E-08  1.7600E-08
279     37  Rb   86  37086.      0.  5.4999E-08  3.5199E-08
280     37  Rb   87  37087.      0.  2.1494E-03  6.8782E-04
281     37  Rb   88  37088.      0.  3.1608E-03  3.4769E-04
282     37  Rb   89  37089.      0.  3.6300E-03  2.1780E-04
283     37  Rb   90  37090.      0.  4.0091E-03  2.5658E-03
284     37  Rb   90  37090.      1.  1.2176E-03  7.7928E-04
285     37  Rb   91  37091.      0.  5.7911E-03  6.3702E-04
286     37  Rb   92  37092.      0.  5.9275E-03  1.3633E-03
287     37  Rb   93  37093.      0.  6.3430E-03  2.8544E-03
288     37  Rb   94  37094.      0.  5.0081E-03  2.2537E-03
289     37  Rb   95  37095.      0.  2.7831E-03  1.7812E-03
290     37  Rb   96  37096.      0.  1.2911E-03  8.2633E-04
291     37  Rb   97  37097.      0.  3.4588E-04  2.2136E-04
292     37  Rb   98  37098.      0.  8.2208E-05  5.2613E-05
293     37  Rb   99  37099.      0.  3.4116E-05  2.1834E-05
294     37  Rb  100  37100.      0.  1.0500E-06  6.7198E-07
295     37  Rb  101  37101.      0.  1.1537E-07  7.3835E-08
296     37  Rb  102  37102.      0.  5.8389E-10  3.7369E-10
297     37  Rb  103  37103.      0.  7.7631E-11  4.9684E-11
298     38  Sr   83  38083.      0.  0.0000E+00  0.0000E+00
299     38  Sr   84  38084.      0.  5.1899E-12  3.3215E-12
300     38  Sr   85  38085.      1.  8.6998E-13  5.5679E-13
301     38  Sr   85  38085.      0.  1.6295E-12  1.0429E-12
302     38  Sr   86  38086.      0.  5.5099E-08  3.5263E-08
303     38  Sr   87  38087.      0.  2.1494E-03  3.4391E-04
304     38  Sr   87  38087.      1.  8.9898E-10  5.7535E-10
305     38  Sr   88  38088.      0.  3.1610E-03  2.5288E-04
306     38  Sr   89  38089.      0.  3.6322E-03  1.0170E-04
307     38  Sr   90  38090.      0.  5.2245E-03  2.3510E-03
308     38  Sr   91  38091.      0.  5.9696E-03  2.3878E-04
309     38  Sr   92  38092.      0.  6.8268E-03  4.0961E-04
310     38  Sr   93  38093.      0.  9.1202E-03  7.2961E-04
311     38  Sr   94  38094.      0.  1.0219E-02  1.6351E-03
312     38  Sr   95  38095.      0.  1.0392E-02  3.3254E-03
313     38  Sr   96  38096.      0.  1.0079E-02  4.5353E-03
314     38  Sr   97  38097.      0.  6.2798E-03  2.8259E-03
315     38  Sr   98  38098.      0.  3.7797E-03  2.4190E-03
316     38  Sr   99  38099.      0.  1.3503E-03  8.6420E-04
317     38  Sr  100  38100.      0.  3.5292E-04  2.2587E-04
318     38  Sr  101  38101.      0.  5.6629E-05  3.6242E-05
319     38  Sr  102  38102.      0.  4.7799E-06  3.0591E-06
320     38  Sr  103  38103.      0.  5.3977E-07  3.4545E-07
321     38  Sr  104  38104.      0.  1.0800E-08  6.9118E-09
322     38  Sr  105  38105.      0.  1.7092E-10  1.0939E-10
323     38  Sr  106  38106.      0.  2.6565E-11  1.7001E-11
324     39  Y    85  39085.      0.  0.0000E+00  0.0000E+00
325     39  Y    87  39087.      0.  3.7499E-13  2.3999E-13
326     39  Y    88  39088.      0.  3.5799E-11  2.2911E-11
327     39  Y    89  39089.      0.  3.6322E-03  1.0170E-04
328     39  Y    89  39089.      1.  3.6499E-07  1.0220E-08
329     39  Y    90  39090.      1.  3.0049E-08  1.9231E-08
330     39  Y    90  39090.      0.  5.2245E-03  3.3437E-03
331     39  Y    91  39091.      1.  3.4629E-03  2.2163E-03
332     39  Y    91  39091.      0.  5.9707E-03  3.8212E-03
333     39  Y    92  39092.      0.  6.8392E-03  2.7357E-04
334     39  Y    93  39093.      1.  3.2090E-03  2.0538E-03
335     39  Y    93  39093.      0.  9.2271E-03  5.9053E-03
336     39  Y    94  39094.      0.  1.0815E-02  8.6518E-04
337     39  Y    95  39095.      0.  1.2369E-02  7.4215E-04
338     39  Y    96  39096.      0.  1.5529E-02  3.5718E-03
339     39  Y    96  39096.      1.  4.9058E-03  3.1397E-03
340     39  Y    97  39097.      1.  0.0000E+00  0.0000E+00
341     39  Y    97  39097.      0.  1.4977E-02  2.3963E-03
342     39  Y    98  39098.      0.  1.0211E-02  4.5949E-03
343     39  Y    98  39098.      1.  6.4321E-03  2.8944E-03
344     39  Y    99  39099.      0.  1.2842E-02  2.9537E-03
345     39  Y   100  39100.      0.  8.1333E-03  5.2053E-03
346     39  Y   101  39101.      0.  3.4207E-03  2.1892E-03
347     39  Y   102  39102.      0.  8.3100E-04  5.3184E-04
348     39  Y   103  39103.      0.  1.7756E-04  1.1364E-04
349     39  Y   104  39104.      0.  1.6430E-05  1.0515E-05
350     39  Y   105  39105.      0.  7.9563E-07  5.0920E-07
351     39  Y   106  39106.      0.  1.0503E-07  6.7219E-08
352     39  Y   107  39107.      0.  3.9438E-10  2.5240E-10
353     39  Y   108  39108.      0.  1.7590E-11  1.1258E-11
354     40  Zr   87  40087.      0.  0.0000E+00  0.0000E+00
355     40  Zr   88  40088.      0.  0.0000E+00  0.0000E+00
356     40  Zr   89  40089.      0.  9.6198E-14  6.1567E-14
357     40  Zr   90  40090.      1.  5.2499E-12  3.3599E-12
358     40  Zr   90  40090.      0.  5.2245E-03  3.3437E-03
359     40  Zr   91  40091.      0.  5.9707E-03  1.6718E-04
360     40  Zr   92  40092.      0.  6.8392E-03  1.9150E-04
361     40  Zr   93  40093.      0.  9.2275E-03  3.6910E-04
362     40  Zr   94  40094.      0.  1.0821E-02  6.4928E-04
363     40  Zr   95  40095.      0.  1.2428E-02  3.4798E-04
364     40  Zr   96  40096.      0.  1.5952E-02  1.7548E-03
365     40  Zr   97  40097.      0.  1.6649E-02  4.6619E-04
366     40  Zr   98  40098.      0.  2.2753E-02  5.2332E-03
367     40  Zr   99  40099.      0.  2.5143E-02  2.7657E-03
368     40  Zr  100  40100.      0.  2.8625E-02  9.1602E-03
369     40  Zr  101  40101.      0.  2.5410E-02  5.8444E-03
370     40  Zr  102  40102.      0.  1.5291E-02  4.8932E-03
371     40  Zr  103  40103.      0.  8.6110E-03  5.5110E-03
372     40  Zr  104  40104.      0.  2.2597E-03  1.4462E-03
373     40  Zr  105  40105.      0.  3.9054E-04  2.4995E-04
374     40  Zr  106  40106.      0.  6.0678E-05  3.8834E-05
375     40  Zr  107  40107.      0.  2.7421E-06  1.7549E-06
376     40  Zr  108  40108.      0.  1.4400E-07  9.2158E-08
377     40  Zr  109  40109.      0.  1.7164E-09  1.0985E-09
378     40  Zr  110  40110.      0.  5.8099E-11  3.7183E-11
379     41  Nb   89  41089.      0.  0.0000E+00  0.0000E+00
380     41  Nb   90  41090.      0.  0.0000E+00  0.0000E+00
381     41  Nb   91  41091.      0.  1.5300E-14  9.7918E-15
382     41  Nb   92  41092.      0.  1.4700E-12  9.4078E-13
383     41  Nb   93  41093.      0.  9.2275E-03  3.6910E-04
384     41  Nb   93  41093.      1.  8.7662E-03  3.5065E-04
385     41  Nb   94  41094.      0.  4.4599E-09  2.8543E-09
386     41  Nb   94  41094.      1.  1.8299E-09  1.1712E-09
387     41  Nb   95  41095.      0.  1.2428E-02  2.4856E-04
388     41  Nb   95  41095.      1.  1.2430E-04  3.4803E-06
389     41  Nb   96  41096.      0.  2.1600E-06  1.3824E-06
390     41  Nb   97  41097.      0.  1.6671E-02  4.6679E-04
391     41  Nb   97  41097.      1.  1.5655E-02  4.3833E-04
392     41  Nb   98  41098.      0.  2.2915E-02  3.6665E-03
393     41  Nb   98  41098.      1.  5.4129E-05  3.4642E-05
394     41  Nb   99  41099.      0.  1.7693E-02  1.4155E-03
395     41  Nb   99  41099.      1.  8.6154E-03  9.4770E-04
396     41  Nb  100  41100.      0.  1.7166E-02  5.4931E-03
397     41  Nb  100  41100.      1.  1.7166E-02  5.4931E-03
398     41  Nb  101  41101.      0.  3.8441E-02  4.2285E-03
399     41  Nb  102  41102.      1.  1.0191E-02  6.5221E-03
400     41  Nb  102  41102.      0.  2.5482E-02  1.6308E-02
401     41  Nb  103  41103.      0.  3.9222E-02  2.5102E-02
402     41  Nb  104  41104.      1.  1.0736E-02  6.8710E-03
403     41  Nb  104  41104.      0.  1.2996E-02  8.3173E-03
404     41  Nb  105  41105.      0.  1.0381E-02  2.3876E-03
405     41  Nb  106  41106.      0.  4.4695E-03  2.8605E-03
406     41  Nb  107  41107.      0.  9.0200E-04  5.7728E-04
407     41  Nb  108  41108.      0.  1.0172E-04  6.5099E-05
408     41  Nb  109  41109.      0.  7.9898E-06  5.1135E-06
409     41  Nb  110  41110.      0.  3.9699E-07  2.5407E-07
410     41  Nb  111  41111.      0.  2.0408E-09  1.3061E-09
411     41  Nb  112  41112.      0.  6.5230E-11  4.1747E-11
412     42  Mo   90  42090.      0.  0.0000E+00  0.0000E+00
413     42  Mo   91  42091.      0.  0.0000E+00  0.0000E+00
414     42  Mo   92  42092.      0.  0.0000E+00  0.0000E+00
415     42  Mo   93  42093.      1.  0.0000E+00  0.0000E+00
416     42  Mo   93  42093.      0.  0.0000E+00  0.0000E+00
417     42  Mo   94  42094.      0.  4.4599E-09  2.8543E-09
418     42  Mo   95  42095.      0.  1.2428E-02  2.4856E-04
419     42  Mo   96  42096.      0.  2.1600E-06  1.3824E-06
420     42  Mo   97  42097.      0.  1.6671E-02  3.3342E-04
421     42  Mo   98  42098.      0.  2.2970E-02  2.5267E-03
422     42  Mo   99  42099.      0.  2.6320E-02  5.2640E-04
423     42  Mo  100  42100.      0.  3.4481E-02  2.7584E-03
424     42  Mo  101  42101.      0.  3.9334E-02  2.3600E-03
425     42  Mo  102  42102.      0.  4.0321E-02  1.6128E-03
426     42  Mo  103  42103.      0.  5.3904E-02  3.4499E-02
427     42  Mo  104  42104.      0.  5.2230E-02  4.1784E-03
428     42  Mo  105  42105.      0.  4.0384E-02  6.4615E-03
429     42  Mo  106  42106.      0.  3.9091E-02  1.2509E-02
430     42  Mo  107  42107.      0.  2.0975E-02  4.8242E-03
431     42  Mo  108  42108.      0.  6.7705E-03  3.0467E-03
432     42  Mo  109  42109.      0.  1.4918E-03  9.5472E-04
433     42  Mo  110  42110.      0.  2.3148E-04  1.4815E-04
434     42  Mo  111  42111.      0.  1.4190E-05  9.0814E-06
435     42  Mo  112  42112.      0.  5.3399E-07  3.4175E-07
436     42  Mo  113  42113.      0.  3.5274E-09  2.2576E-09
437     42  Mo  114  42114.      0.  6.2398E-11  3.9935E-11
438     42  Mo  115  42115.      0.  3.2223E-13  2.0623E-13
439     42  Mo  116  42116.      0.  0.0000E+00  0.0000E+00
440     43  Tc   93  43093.      0.  0.0000E+00  0.0000E+00
441     43  Tc   95  43095.      0.  0.0000E+00  0.0000E+00
442     43  Tc   95  43095.      1.  0.0000E+00  0.0000E+00
443     43  Tc   97  43097.      1.  1.1000E-12  7.0398E-13
444     43  Tc   97  43097.      0.  2.2000E-12  1.4080E-12
445     43  Tc   98  43098.      0.  1.6300E-10  1.0432E-10
446     43  Tc   99  43099.      0.  2.6320E-02  5.2640E-04
447     43  Tc   99  43099.      1.  2.3162E-02  4.6323E-04
448     43  Tc  100  43100.      0.  2.5299E-07  1.6192E-07
449     43  Tc  101  43101.      0.  3.9338E-02  1.5735E-03
450     43  Tc  102  43102.      0.  2.0469E-03  1.2282E-04
451     43  Tc  102  43102.      1.  4.0350E-02  1.6140E-03
452     43  Tc  103  43103.      0.  5.4469E-02  3.4860E-02
453     43  Tc  104  43104.      0.  5.6537E-02  3.3922E-03
454     43  Tc  105  43105.      0.  6.1431E-02  3.6859E-03
455     43  Tc  106  43106.      0.  6.1022E-02  2.4409E-03
456     43  Tc  107  43107.      0.  5.7306E-02  9.1690E-03
457     43  Tc  108  43108.      0.  4.0091E-02  4.4100E-03
458     43  Tc  109  43109.      0.  2.0357E-02  3.2571E-03
459     43  Tc  110  43110.      0.  8.7828E-03  5.6210E-03
460     43  Tc  111  43111.      0.  1.7722E-03  1.1342E-03
461     43  Tc  112  43112.      0.  2.2971E-04  1.4702E-04
462     43  Tc  113  43113.      0.  1.6420E-05  1.0509E-05
463     43  Tc  114  43114.      0.  3.8699E-07  2.4767E-07
464     43  Tc  115  43115.      0.  7.8879E-09  5.0482E-09
465     43  Tc  116  43116.      0.  4.5499E-12  2.9119E-12
466     43  Tc  117  43117.      0.  5.7079E-15  3.6531E-15
467     43  Tc  118  43118.      0.  3.4443E-16  2.2044E-16
468     43  Tc  119  43119.      0.  2.1876E-19  1.4000E-19
469     44  Ru   95  44095.      0.  0.0000E+00  0.0000E+00
470     44  Ru   96  44096.      0.  0.0000E+00  0.0000E+00
471     44  Ru   97  44097.      0.  0.0000E+00  0.0000E+00
472     44  Ru   98  44098.      0.  1.6300E-10  1.0432E-10
473     44  Ru   99  44099.      0.  2.6320E-02  5.2640E-04
474     44  Ru  100  44100.      0.  2.5299E-07  1.6192E-07
475     44  Ru  101  44101.      0.  3.9338E-02  1.1015E-03
476     44  Ru  102  44102.      0.  4.0379E-02  1.6152E-03
477     44  Ru  103  44103.      0.  5.4471E-02  1.5252E-03
478     44  Ru  104  44104.      0.  5.6568E-02  2.2627E-03
479     44  Ru  105  44105.      0.  6.2114E-02  2.4846E-03
480     44  Ru  106  44106.      0.  6.3103E-02  1.7669E-03
481     44  Ru  107  44107.      0.  6.6022E-02  3.9613E-03
482     44  Ru  108  44108.      0.  5.9940E-02  1.6783E-03
483     44  Ru  109  44109.      1.  1.4937E-02  9.5599E-03
484     44  Ru  109  44109.      0.  3.5331E-02  2.2612E-02
485     44  Ru  110  44110.      0.  4.4961E-02  1.4387E-02
486     44  Ru  111  44111.      0.  2.4363E-02  5.6035E-03
487     44  Ru  112  44112.      0.  9.6151E-03  6.1537E-03
488     44  Ru  113  44113.      0.  2.1486E-03  1.3751E-03
489     44  Ru  114  44114.      0.  1.9077E-04  1.2209E-04
490     44  Ru  115  44115.      0.  1.1790E-05  7.5454E-06
491     44  Ru  116  44116.      0.  2.2899E-07  1.4656E-07
492     44  Ru  117  44117.      0.  3.7099E-09  2.3743E-09
493     44  Ru  118  44118.      0.  2.2599E-10  1.4464E-10
494     44  Ru  119  44119.      0.  4.4699E-13  2.8607E-13
495     44  Ru  120  44120.      0.  0.0000E+00  0.0000E+00
496     44  Ru  122  44122.      0.  0.0000E+00  0.0000E+00
497     44  Ru  123  44123.      0.  0.0000E+00  0.0000E+00
498     44  Ru  124  44124.      0.  3.5099E-11  2.2463E-11
499     45  Rh   99  45099.      0.  0.0000E+00  0.0000E+00
500     45  Rh  101  45101.      0.  1.2100E-14  7.7438E-15
501     45  Rh  101  45101.      1.  3.6199E-14  2.3167E-14
502     45  Rh  102  45102.      0.  2.7799E-12  1.7792E-12
503     45  Rh  102  45102.      1.  2.7799E-12  1.7792E-12
504     45  Rh  103  45103.      0.  5.4471E-02  1.0894E-03
505     45  Rh  103  45103.      1.  5.3926E-02  1.5099E-03
506     45  Rh  104  45104.      0.  2.1200E-08  1.3568E-08
507     45  Rh  104  45104.      1.  1.5900E-08  1.0176E-08
508     45  Rh  105  45105.      0.  6.2115E-02  1.2423E-03
509     45  Rh  105  45105.      1.  1.6771E-02  6.7084E-04
510     45  Rh  106  45106.      0.  6.3109E-02  1.7671E-03
511     45  Rh  106  45106.      1.  5.9199E-06  3.7887E-06
512     45  Rh  107  45107.      0.  6.6180E-02  2.6472E-03
513     45  Rh  108  45108.      0.  6.0513E-02  2.4205E-03
514     45  Rh  108  45108.      1.  5.7304E-04  3.6674E-04
515     45  Rh  109  45109.      0.  5.9322E-02  3.7966E-02
516     45  Rh  109  45109.      1.  2.0203E-02  1.2930E-02
517     45  Rh  110  45110.      0.  5.1677E-02  1.1886E-02
518     45  Rh  110  45110.      1.  6.7467E-03  3.0360E-03
519     45  Rh  111  45111.      0.  4.8926E-02  7.8282E-03
520     45  Rh  112  45112.      0.  3.3542E-02  2.6834E-03
521     45  Rh  113  45113.      0.  2.1620E-02  4.9726E-03
522     45  Rh  114  45114.      0.  5.7935E-03  3.7078E-03
523     45  Rh  115  45115.      0.  1.7238E-03  1.1033E-03
524     45  Rh  116  45116.      0.  2.2646E-04  1.4494E-04
525     45  Rh  117  45117.      0.  2.1539E-05  1.3785E-05
526     45  Rh  118  45118.      0.  3.5399E-06  2.2655E-06
527     45  Rh  119  45119.      0.  5.1099E-08  3.2703E-08
528     45  Rh  120  45120.      0.  3.9399E-11  2.5215E-11
529     45  Rh  121  45121.      0.  0.0000E+00  0.0000E+00
530     45  Rh  122  45122.      0.  0.0000E+00  0.0000E+00
531     45  Rh  123  45123.      0.  1.4400E-14  9.2158E-15
532     45  Rh  124  45124.      0.  1.4300E-08  9.1518E-09
533     45  Rh  125  45125.      0.  2.7451E-10  1.7569E-10
534     46  Pd   99  46099.      0.  0.0000E+00  0.0000E+00
535     46  Pd  101  46101.      0.  0.0000E+00  0.0000E+00
536     46  Pd  102  46102.      0.  4.4499E-13  2.8479E-13
537     46  Pd  103  46103.      0.  0.0000E+00  0.0000E+00
538     46  Pd  104  46104.      0.  2.1100E-08  1.3504E-08
539     46  Pd  105  46105.      0.  6.2115E-02  1.2423E-03
540     46  Pd  106  46106.      0.  6.3115E-02  1.2623E-03
541     46  Pd  107  46107.      0.  6.6180E-02  2.6472E-03
542     46  Pd  107  46107.      1.  1.7100E-07  1.0944E-07
543     46  Pd  108  46108.      0.  6.1092E-02  1.7106E-03
544     46  Pd  109  46109.      0.  5.9403E-02  3.8018E-02
545     46  Pd  109  46109.      1.  5.2619E-05  3.3676E-05
546     46  Pd  110  46110.      0.  5.9028E-02  6.4931E-03
547     46  Pd  111  46111.      0.  5.1290E-02  8.2064E-03
548     46  Pd  111  46111.      1.  1.9167E-03  7.6668E-05
549     46  Pd  112  46112.      0.  4.0993E-02  1.1478E-03
550     46  Pd  113  46113.      0.  4.5553E-02  5.0108E-03
551     46  Pd  114  46114.      0.  2.3959E-02  7.6669E-03
552     46  Pd  115  46115.      0.  1.8674E-02  4.2949E-03
553     46  Pd  116  46116.      0.  8.4116E-03  5.3834E-03
554     46  Pd  117  46117.      0.  2.9386E-03  1.8807E-03
555     46  Pd  118  46118.      0.  1.2708E-03  8.1331E-04
556     46  Pd  119  46119.      0.  8.4978E-05  5.4386E-05
557     46  Pd  120  46120.      0.  4.0499E-06  2.5919E-06
558     46  Pd  121  46121.      0.  8.1098E-09  5.1903E-09
559     46  Pd  122  46122.      0.  3.3199E-12  2.1248E-12
560     46  Pd  123  46123.      0.  1.7800E-08  1.1392E-08
561     46  Pd  124  46124.      0.  1.4400E-06  9.2158E-07
562     46  Pd  125  46125.      0.  4.5299E-08  2.8991E-08
563     46  Pd  126  46126.      0.  6.0598E-14  3.8783E-14
564     46  Pd  128  46128.      0.  0.0000E+00  0.0000E+00
565     46  Pd  129  46129.      0.  0.0000E+00  0.0000E+00
566     46  Pd  130  46130.      0.  0.0000E+00  0.0000E+00
567     47  Ag  103  47103.      0.  0.0000E+00  0.0000E+00
568     47  Ag  105  47105.      0.  0.0000E+00  0.0000E+00
569     47  Ag  105  47105.      1.  0.0000E+00  0.0000E+00
570     47  Ag  106  47106.      0.  5.4399E-14  3.4815E-14
571     47  Ag  106  47106.      1.  1.2700E-13  8.1278E-14
572     47  Ag  107  47107.      0.  6.6180E-02  1.8530E-03
573     47  Ag  107  47107.      1.  2.2599E-11  1.4464E-11
574     47  Ag  108  47108.      1.  9.4998E-10  6.0798E-10
575     47  Ag  108  47108.      0.  1.0326E-09  6.6088E-10
576     47  Ag  109  47109.      1.  5.9374E-02  3.7999E-02
577     47  Ag  109  47109.      0.  5.9403E-02  3.8018E-02
578     47  Ag  110  47110.      0.  5.5199E-07  3.5327E-07
579     47  Ag  110  47110.      1.  1.2500E-06  7.9998E-07
580     47  Ag  111  47111.      0.  5.1721E-02  1.4482E-03
581     47  Ag  111  47111.      1.  5.1377E-02  4.1102E-03
582     47  Ag  112  47112.      0.  4.1353E-02  1.1579E-03
583     47  Ag  113  47113.      0.  4.1292E-02  1.6517E-03
584     47  Ag  113  47113.      1.  6.5110E-03  2.0835E-03
585     47  Ag  114  47114.      0.  3.3085E-02  5.2937E-03
586     47  Ag  115  47115.      0.  1.8020E-02  1.4416E-03
587     47  Ag  115  47115.      1.  1.0417E-02  4.6875E-03
588     47  Ag  116  47116.      0.  1.0710E-02  4.8194E-03
589     47  Ag  116  47116.      1.  9.5775E-03  4.3098E-03
590     47  Ag  117  47117.      0.  6.4737E-03  4.1432E-03
591     47  Ag  117  47117.      1.  6.6202E-03  2.9791E-03
592     47  Ag  118  47118.      0.  5.2512E-03  3.3607E-03
593     47  Ag  118  47118.      1.  3.5756E-03  2.2884E-03
594     47  Ag  119  47119.      0.  2.0184E-03  1.2918E-03
595     47  Ag  120  47120.      1.  3.9730E-04  2.5427E-04
596     47  Ag  120  47120.      0.  5.4835E-04  3.5094E-04
597     47  Ag  121  47121.      0.  1.8963E-04  1.2136E-04
598     47  Ag  122  47122.      1.  2.3379E-05  1.4963E-05
599     47  Ag  122  47122.      0.  2.3379E-05  1.4963E-05
600     47  Ag  123  47123.      0.  3.3409E-05  2.1382E-05
601     47  Ag  124  47124.      0.  2.5599E-05  1.6384E-05
602     47  Ag  125  47125.      0.  2.0800E-06  1.3312E-06
603     47  Ag  126  47126.      0.  1.9799E-09  1.2672E-09
604     47  Ag  127  47127.      0.  0.0000E+00  0.0000E+00
605     47  Ag  128  47128.      0.  0.0000E+00  0.0000E+00
606     47  Ag  129  47129.      0.  6.7534E-15  4.3222E-15
607     47  Ag  130  47130.      0.  1.2300E-12  7.8718E-13
608     47  Ag  131  47131.      0.  2.0054E-14  1.2834E-14
609     47  Ag  132  47132.      0.  4.9761E-15  3.1847E-15
610     48  Cd  105  48105.      0.  0.0000E+00  0.0000E+00
611     48  Cd  106  48106.      0.  0.0000E+00  0.0000E+00
612     48  Cd  107  48107.      0.  0.0000E+00  0.0000E+00
613     48  Cd  108  48108.      0.  1.8499E-09  1.1840E-09
614     48  Cd  109  48109.      0.  6.0099E-12  3.8463E-12
615     48  Cd  110  48110.      0.  1.7800E-06  1.1392E-06
616     48  Cd  111  48111.      0.  5.1875E-02  1.0375E-03
617     48  Cd  111  48111.      1.  2.4599E-08  1.5744E-08
618     48  Cd  112  48112.      0.  4.1354E-02  1.1579E-03
619     48  Cd  113  48113.      0.  4.7272E-02  2.8363E-03
620     48  Cd  113  48113.      1.  5.5526E-04  3.3315E-05
621     48  Cd  114  48114.      0.  3.3283E-02  3.6611E-03
622     48  Cd  115  48115.      0.  2.6327E-02  1.0531E-03
623     48  Cd  115  48115.      1.  2.6431E-03  2.1145E-04
624     48  Cd  116  48116.      0.  2.1270E-02  2.3397E-03
625     48  Cd  117  48117.      0.  1.0295E-02  1.1324E-03
626     48  Cd  117  48117.      1.  4.7028E-03  2.1163E-03
627     48  Cd  118  48118.      0.  9.9032E-03  6.3380E-03
628     48  Cd  119  48119.      0.  1.8999E-03  1.2159E-03
629     48  Cd  119  48119.      1.  1.8999E-03  1.2159E-03
630     48  Cd  120  48120.      0.  2.3587E-03  1.0614E-03
631     48  Cd  121  48121.      1.  4.8927E-04  3.1314E-04
632     48  Cd  121  48121.      0.  6.7898E-04  4.3455E-04
633     48  Cd  122  48122.      0.  8.8127E-04  5.6401E-04
634     48  Cd  123  48123.      0.  3.6743E-04  2.3516E-04
635     48  Cd  124  48124.      0.  1.3601E-04  8.7044E-05
636     48  Cd  125  48125.      0.  2.8939E-05  1.8521E-05
637     48  Cd  126  48126.      0.  2.3299E-06  1.4912E-06
638     48  Cd  127  48127.      0.  9.8298E-11  6.2910E-11
639     48  Cd  128  48128.      0.  3.3499E-11  2.1439E-11
640     48  Cd  129  48129.      0.  8.3698E-09  5.3567E-09
641     48  Cd  130  48130.      0.  8.8298E-08  5.6511E-08
642     48  Cd  131  48131.      0.  6.6798E-09  4.2751E-09
643     48  Cd  132  48132.      0.  7.0598E-10  4.5183E-10
644     48  Cd  133  48133.      0.  1.7553E-10  1.1234E-10
645     48  Cd  134  48134.      0.  3.7999E-11  2.4319E-11
646     48  Cd  136  48136.      0.  0.0000E+00  0.0000E+00
647     49  In  107  49107.      0.  0.0000E+00  0.0000E+00
648     49  In  109  49109.      0.  0.0000E+00  0.0000E+00
649     49  In  111  49111.      0.  1.6400E-12  1.0496E-12
650     49  In  112  49112.      0.  1.8799E-10  1.2032E-10
651     49  In  112  49112.      1.  1.5200E-10  9.7278E-11
652     49  In  113  49113.      0.  4.7827E-02  1.9131E-03
653     49  In  113  49113.      1.  2.9199E-09  1.8688E-09
654     49  In  114  49114.      0.  3.3899E-07  1.5255E-07
655     49  In  114  49114.      1.  2.6099E-07  1.6704E-07
656     49  In  115  49115.      0.  2.7997E-02  5.5995E-04
657     49  In  115  49115.      1.  2.6328E-02  1.0531E-03
658     49  In  116  49116.      2.  8.2665E-07  5.2905E-07
659     49  In  116  49116.      0.  8.2665E-07  5.2905E-07
660     49  In  116  49116.      1.  1.6533E-06  1.0581E-06
661     49  In  117  49117.      0.  9.9606E-03  1.5937E-03
662     49  In  117  49117.      1.  9.5199E-03  1.0472E-03
663     49  In  118  49118.      2.  4.4049E-06  2.8191E-06
664     49  In  118  49118.      0.  9.9296E-03  3.1775E-03
665     49  In  118  49118.      1.  8.7437E-06  5.5960E-06
666     49  In  119  49119.      0.  2.0289E-03  9.1302E-04
667     49  In  119  49119.      1.  1.9078E-03  8.5851E-04
668     49  In  120  49120.      2.  0.0000E+00  0.0000E+00
669     49  In  120  49120.      0.  1.1948E-03  5.3765E-04
670     49  In  120  49120.      1.  1.1948E-03  5.3765E-04
671     49  In  121  49121.      0.  5.0314E-04  3.2201E-04
672     49  In  121  49121.      1.  6.8032E-04  4.3540E-04
673     49  In  122  49122.      2.  0.0000E+00  0.0000E+00
674     49  In  122  49122.      0.  8.8295E-04  2.8254E-04
675     49  In  122  49122.      1.  1.6800E-06  1.0752E-06
676     49  In  123  49123.      0.  3.1631E-04  1.4234E-04
677     49  In  123  49123.      1.  9.2338E-05  5.9096E-05
678     49  In  124  49124.      1.  4.7324E-05  3.0287E-05
679     49  In  124  49124.      0.  1.8333E-04  1.1733E-04
680     49  In  125  49125.      0.  5.6829E-05  3.6370E-05
681     49  In  125  49125.      1.  4.5259E-05  2.8966E-05
682     49  In  126  49126.      1.  4.2249E-05  2.7039E-05
683     49  In  126  49126.      0.  3.9919E-05  2.5548E-05
684     49  In  127  49127.      0.  2.3779E-05  1.5219E-05
685     49  In  127  49127.      1.  2.3779E-05  1.5219E-05
686     49  In  128  49128.      1.  1.6580E-05  1.0611E-05
687     49  In  128  49128.      0.  1.6580E-05  1.0611E-05
688     49  In  129  49129.      0.  4.8839E-05  3.1257E-05
689     49  In  129  49129.      1.  4.8829E-05  3.1250E-05
690     49  In  130  49130.      2.  0.0000E+00  0.0000E+00
691     49  In  130  49130.      1.  0.0000E+00  0.0000E+00
692     49  In  130  49130.      0.  1.0193E-04  6.5234E-05
693     49  In  131  49131.      1.  0.0000E+00  0.0000E+00
694     49  In  131  49131.      0.  2.6209E-05  1.6774E-05
695     49  In  132  49132.      0.  5.1399E-06  3.2895E-06
696     49  In  133  49133.      0.  1.9500E-06  1.2480E-06
697     49  In  134  49134.      0.  2.5899E-07  1.6576E-07
698     49  In  135  49135.      0.  1.7805E-09  1.1395E-09
699     49  In  136  49136.      0.  1.4400E-10  9.2158E-11
700     49  In  137  49137.      0.  3.5092E-12  2.2459E-12
701     50  Sn  111  50111.      0.  0.0000E+00  0.0000E+00
702     50  Sn  112  50112.      0.  8.2798E-11  5.2991E-11
703     50  Sn  113  50113.      1.  4.1049E-13  2.6271E-13
704     50  Sn  113  50113.      0.  7.8445E-13  5.0205E-13
705     50  Sn  114  50114.      0.  3.3199E-07  1.4940E-07
706     50  Sn  115  50115.      0.  2.8971E-02  5.7943E-04
707     50  Sn  116  50116.      0.  2.4699E-06  1.5808E-06
708     50  Sn  117  50117.      1.  3.1874E-05  2.0400E-05
709     50  Sn  117  50117.      0.  1.5006E-02  9.6040E-03
710     50  Sn  118  50118.      0.  9.9384E-03  1.0932E-03
711     50  Sn  119  50119.      0.  3.8414E-03  4.2255E-04
712     50  Sn  119  50119.      1.  1.0146E-04  4.5656E-05
713     50  Sn  120  50120.      0.  2.3896E-03  2.6285E-04
714     50  Sn  121  50121.      0.  1.1626E-03  7.4404E-04
715     50  Sn  121  50121.      1.  5.6854E-05  3.6387E-05
716     50  Sn  122  50122.      0.  8.8462E-04  1.4154E-04
717     50  Sn  123  50123.      0.  2.0700E-08  1.3248E-08
718     50  Sn  123  50123.      1.  4.0866E-04  6.5386E-05
719     50  Sn  124  50124.      0.  2.5333E-04  4.0533E-05
720     50  Sn  125  50125.      0.  9.5638E-05  5.7383E-06
721     50  Sn  125  50125.      1.  6.9258E-05  3.1166E-05
722     50  Sn  126  50126.      0.  2.5884E-04  8.2830E-05
723     50  Sn  127  50127.      0.  7.3253E-04  4.6882E-04
724     50  Sn  127  50127.      1.  2.9648E-04  1.8975E-04
725     50  Sn  128  50128.      1.  8.7490E-04  5.5993E-04
726     50  Sn  128  50128.      0.  1.7844E-03  1.1420E-03
727     50  Sn  129  50129.      0.  2.9809E-03  1.9078E-03
728     50  Sn  129  50129.      1.  1.1788E-03  7.5441E-04
729     50  Sn  130  50130.      1.  1.8394E-03  1.1772E-03
730     50  Sn  130  50130.      0.  1.8817E-03  1.2043E-03
731     50  Sn  131  50131.      1.  1.4795E-03  9.4685E-04
732     50  Sn  131  50131.      0.  1.5029E-03  9.6184E-04
733     50  Sn  132  50132.      0.  1.3818E-03  8.8438E-04
734     50  Sn  133  50133.      0.  6.2801E-04  4.0193E-04
735     50  Sn  134  50134.      0.  1.5114E-04  9.6727E-05
736     50  Sn  135  50135.      0.  1.2380E-05  7.9230E-06
737     50  Sn  136  50136.      0.  8.6698E-07  5.5487E-07
738     50  Sn  137  50137.      0.  2.4399E-08  1.5616E-08
739     50  Sn  138  50138.      0.  6.6598E-10  4.2623E-10
740     50  Sn  139  50139.      0.  2.2127E-11  1.4161E-11
741     51  Sb  113  51113.      0.  0.0000E+00  0.0000E+00
742     51  Sb  115  51115.      0.  0.0000E+00  0.0000E+00
743     51  Sb  117  51117.      0.  0.0000E+00  0.0000E+00
744     51  Sb  118  51118.      0.  2.1899E-14  1.4016E-14
745     51  Sb  118  51118.      1.  3.1399E-14  2.0095E-14
746     51  Sb  119  51119.      0.  7.9998E-14  5.1199E-14
747     51  Sb  120  51120.      0.  0.0000E+00  0.0000E+00
748     51  Sb  120  51120.      1.  0.0000E+00  0.0000E+00
749     51  Sb  121  51121.      0.  1.1753E-03  2.3506E-05
750     51  Sb  122  51122.      0.  0.0000E+00  0.0000E+00
751     51  Sb  122  51122.      1.  0.0000E+00  0.0000E+00
752     51  Sb  123  51123.      0.  4.0868E-04  3.2694E-05
753     51  Sb  124  51124.      2.  0.0000E+00  0.0000E+00
754     51  Sb  124  51124.      0.  9.7498E-07  6.2398E-07
755     51  Sb  124  51124.      1.  4.8699E-07  3.1167E-07
756     51  Sb  125  51125.      0.  1.7623E-04  1.9385E-05
757     51  Sb  126  51126.      2.  1.7915E-04  1.1465E-04
758     51  Sb  126  51126.      0.  4.4559E-05  1.0249E-05
759     51  Sb  126  51126.      1.  2.7028E-04  6.2165E-05
760     51  Sb  127  51127.      0.  1.0559E-03  8.4469E-05
761     51  Sb  128  51128.      0.  1.2333E-04  7.8930E-05
762     51  Sb  128  51128.      1.  1.8792E-03  1.2027E-03
763     51  Sb  129  51129.      0.  5.8817E-03  3.5290E-04
764     51  Sb  130  51130.      0.  3.4830E-03  2.2291E-03
765     51  Sb  130  51130.      1.  4.6803E-03  2.9954E-03
767     51  Sb  132  51132.      0.  7.7469E-03  3.4861E-03
768     51  Sb  132  51132.      1.  5.8004E-03  2.6102E-03
769     51  Sb  133  51133.      0.  1.1217E-02  2.5798E-03
770     51  Sb  134  51134.      1.  2.7915E-03  1.7866E-03
771     51  Sb  134  51134.      0.  2.9150E-03  1.8656E-03
772     51  Sb  135  51135.      0.  1.4699E-03  9.4076E-04
773     51  Sb  136  51136.      0.  3.0267E-04  1.9371E-04
774     51  Sb  137  51137.      0.  2.5029E-05  1.6019E-05
775     51  Sb  138  51138.      0.  2.0300E-06  1.2992E-06
776     51  Sb  139  51139.      0.  1.0300E-07  6.5918E-08
777     51  Sb  140  51140.      0.  1.0359E-09  6.6295E-10
778     51  Sb  141  51141.      0.  1.2099E-10  7.7436E-11
779     51  Sb  142  51142.      0.  4.2387E-12  2.7128E-12
780     52  Te  115  52115.      0.  0.0000E+00  0.0000E+00
781     52  Te  117  52117.      0.  0.0000E+00  0.0000E+00
782     52  Te  118  52118.      0.  0.0000E+00  0.0000E+00
783     52  Te  119  52119.      0.  0.0000E+00  0.0000E+00
784     52  Te  120  52120.      0.  0.0000E+00  0.0000E+00
785     52  Te  121  52121.      1.  0.0000E+00  0.0000E+00
786     52  Te  121  52121.      0.  0.0000E+00  0.0000E+00
787     52  Te  122  52122.      0.  0.0000E+00  0.0000E+00
788     52  Te  123  52123.      0.  0.0000E+00  0.0000E+00
789     52  Te  123  52123.      1.  0.0000E+00  0.0000E+00
790     52  Te  124  52124.      0.  9.8598E-07  6.3102E-07
791     52  Te  125  52125.      0.  1.7685E-04  1.4148E-05
792     52  Te  125  52125.      1.  4.0119E-05  4.4131E-06
793     52  Te  126  52126.      0.  2.7711E-04  3.0482E-05
794     52  Te  127  52127.      0.  1.0518E-03  6.3108E-05
795     52  Te  127  52127.      1.  1.6894E-04  1.3515E-05
796     52  Te  128  52128.      0.  1.9348E-03  2.1283E-04
797     52  Te  129  52129.      0.  5.5309E-03  2.2124E-04
798     52  Te  129  52129.      1.  9.8077E-04  5.8846E-05
799     52  Te  130  52130.      0.  8.4706E-03  1.3553E-03
800     52  Te  131  52131.      0.  1.3306E-02  1.0644E-03
801     52  Te  131  52131.      1.  3.2660E-03  1.9596E-04
802     52  Te  132  52132.      0.  2.1314E-02  8.5258E-04
803     52  Te  133  52133.      0.  1.4032E-02  4.4902E-03
804     52  Te  133  52133.      1.  1.7551E-02  4.0367E-03
805     52  Te  134  52134.      0.  2.9485E-02  2.3588E-03
806     52  Te  135  52135.      0.  1.9135E-02  4.4011E-03
807     52  Te  136  52136.      0.  9.3378E-03  4.2020E-03
808     52  Te  137  52137.      0.  2.3548E-03  1.5071E-03
809     52  Te  138  52138.      0.  5.4331E-04  3.4772E-04
810     52  Te  139  52139.      0.  8.2268E-05  5.2651E-05
811     52  Te  140  52140.      0.  8.4798E-06  5.4271E-06
812     52  Te  141  52141.      0.  8.4128E-07  5.3842E-07
813     52  Te  142  52142.      0.  3.4699E-08  2.2207E-08
814     52  Te  143  52143.      0.  1.8282E-10  1.1701E-10
815     52  Te  144  52144.      0.  5.0626E-11  3.2400E-11
816     53  I   121  53121.      0.  0.0000E+00  0.0000E+00
817     53  I   123  53123.      0.  0.0000E+00  0.0000E+00
818     53  I   125  53125.      0.  6.5498E-09  4.1919E-09
819     53  I   126  53126.      0.  1.6100E-11  1.0304E-11
820     53  I   127  53127.      0.  1.0559E-03  6.3352E-05
821     53  I   128  53128.      0.  0.0000E+00  0.0000E+00
822     53  I   129  53129.      0.  5.8879E-03  2.3552E-04
823     53  I   130  53130.      0.  4.5799E-07  2.9311E-07
824     53  I   130  53130.      1.  1.4400E-07  9.2158E-08
825     53  I   131  53131.      0.  1.5998E-02  6.3991E-04
826     53  I   132  53132.      1.  1.0534E-04  6.7419E-05
827     53  I   132  53132.      0.  2.1511E-02  1.3767E-02
828     53  I   133  53133.      1.  1.0973E-03  7.0225E-04
829     53  I   133  53133.      0.  3.1496E-02  2.0157E-02
830     53  I   134  53134.      0.  3.8507E-02  6.1611E-03
831     53  I   134  53134.      1.  5.8266E-03  3.7290E-03
832     53  I   135  53135.      0.  3.7766E-02  2.2659E-03
833     53  I   136  53136.      0.  2.2818E-02  5.2482E-03
834     53  I   136  53136.      1.  9.3865E-03  4.2239E-03
835     53  I   137  53137.      0.  1.8054E-02  4.1523E-03
836     53  I   138  53138.      0.  1.0557E-02  1.6891E-03
837     53  I   139  53139.      0.  4.1725E-03  9.5968E-04
838     53  I   140  53140.      0.  1.1724E-03  3.7516E-04
839     53  I   141  53141.      0.  2.7673E-04  1.7711E-04
840     53  I   142  53142.      0.  3.7509E-05  2.4006E-05
841     53  I   143  53143.      0.  8.5100E-07  5.4464E-07
842     53  I   144  53144.      0.  2.0016E-07  1.2810E-07
843     53  I   145  53145.      0.  1.6050E-09  1.0272E-09
844     53  I   146  53146.      0.  7.9400E-11  5.0816E-11
845     53  I   147  53147.      0.  2.7631E-11  1.7684E-11
846     54  Xe  124  54124.      0.  0.0000E+00  0.0000E+00
847     54  Xe  125  54125.      1.  9.7498E-12  6.2398E-12
848     54  Xe  125  54125.      0.  1.9499E-11  1.2480E-11
849     54  Xe  126  54126.      0.  7.0598E-12  4.5183E-12
850     54  Xe  127  54127.      1.  0.0000E+00  0.0000E+00
851     54  Xe  127  54127.      0.  0.0000E+00  0.0000E+00
852     54  Xe  128  54128.      0.  0.0000E+00  0.0000E+00
853     54  Xe  129  54129.      1.  0.0000E+00  0.0000E+00
854     54  Xe  129  54129.      0.  5.8879E-03  3.7683E-03
855     54  Xe  130  54130.      0.  4.7999E-07  3.0719E-07
856     54  Xe  131  54131.      0.  1.5998E-02  6.3991E-04
857     54  Xe  131  54131.      1.  2.2397E-04  8.9590E-06
858     54  Xe  132  54132.      0.  2.1525E-02  6.0271E-04
859     54  Xe  133  54133.      0.  3.1519E-02  2.0172E-02
860     54  Xe  133  54133.      1.  9.2343E-04  5.9100E-04
861     54  Xe  134  54134.      0.  3.8995E-02  1.5598E-03
862     54  Xe  134  54134.      1.  3.7661E-04  2.4103E-04
863     54  Xe  135  54135.      0.  4.1880E-02  1.6752E-03
864     54  Xe  135  54135.      1.  7.8042E-03  2.4973E-03
865     54  Xe  136  54136.      0.  4.1623E-02  3.3298E-03
866     54  Xe  137  54137.      0.  4.3287E-02  1.7315E-03
867     54  Xe  138  54138.      0.  4.6745E-02  1.8698E-03
868     54  Xe  139  54139.      0.  3.8823E-02  1.5529E-03
869     54  Xe  140  54140.      0.  2.6657E-02  2.1325E-03
870     54  Xe  141  54141.      0.  1.0241E-02  8.1925E-04
871     54  Xe  142  54142.      0.  3.7126E-03  2.3760E-03
872     54  Xe  143  54143.      1.  2.0843E-04  1.3340E-04
873     54  Xe  143  54143.      0.  2.0929E-04  1.3394E-04
874     54  Xe  144  54144.      0.  1.1564E-04  7.4008E-05
875     54  Xe  145  54145.      0.  1.1160E-05  7.1422E-06
876     54  Xe  146  54146.      0.  6.4998E-07  4.1599E-07
877     54  Xe  147  54147.      0.  1.9212E-07  1.2295E-07
878     54  Xe  148  54148.      0.  4.2999E-10  2.7519E-10
879     54  Xe  149  54149.      0.  1.7694E-11  1.1324E-11
880     54  Xe  150  54150.      0.  3.3099E-14  2.1183E-14
881     55  Cs  127  55127.      0.  0.0000E+00  0.0000E+00
882     55  Cs  129  55129.      0.  0.0000E+00  0.0000E+00
883     55  Cs  131  55131.      0.  0.0000E+00  0.0000E+00
884     55  Cs  132  55132.      0.  6.6498E-12  4.2559E-12
885     55  Cs  133  55133.      0.  3.1519E-02  8.8252E-04
886     55  Cs  134  55134.      1.  5.4499E-07  3.4879E-07
887     55  Cs  134  55134.      0.  1.0900E-06  6.9758E-07
888     55  Cs  135  55135.      1.  1.0350E-05  6.6238E-06
889     55  Cs  135  55135.      0.  4.1900E-02  2.6816E-02
890     55  Cs  136  55136.      1.  1.4589E-04  9.3367E-05
891     55  Cs  136  55136.      0.  2.9177E-04  1.8673E-04
892     55  Cs  137  55137.      0.  5.0212E-02  2.0085E-03
893     55  Cs  138  55138.      0.  5.4733E-02  1.5325E-03
894     55  Cs  138  55138.      1.  3.0077E-03  1.9249E-03
895     55  Cs  139  55139.      0.  5.7084E-02  2.2834E-03
896     55  Cs  140  55140.      0.  5.4364E-02  2.1745E-03
897     55  Cs  141  55141.      0.  4.8186E-02  1.9274E-03
898     55  Cs  142  55142.      0.  2.9050E-02  6.6814E-03
899     55  Cs  143  55143.      0.  7.8361E-03  2.5075E-03
900     55  Cs  144  55144.      0.  5.5956E-03  3.5812E-03
901     55  Cs  145  55145.      0.  1.5046E-03  9.6293E-04
902     55  Cs  146  55146.      0.  2.5852E-04  1.6545E-04
903     55  Cs  147  55147.      0.  6.3195E-05  4.0445E-05
904     55  Cs  148  55148.      0.  1.5400E-06  9.8557E-07
905     55  Cs  149  55149.      0.  8.2364E-08  5.2713E-08
906     55  Cs  150  55150.      0.  1.1500E-09  7.3598E-10
907     55  Cs  151  55151.      0.  2.6832E-11  1.7172E-11
908     56  Ba  129  56129.      0.  0.0000E+00  0.0000E+00
909     56  Ba  131  56131.      0.  0.0000E+00  0.0000E+00
910     56  Ba  132  56132.      0.  1.4600E-13  9.3438E-14
911     56  Ba  133  56133.      0.  3.5699E-13  2.2847E-13
912     56  Ba  134  56134.      0.  1.0900E-06  6.9758E-07
913     56  Ba  135  56135.      1.  9.6498E-09  6.1759E-09
914     56  Ba  135  56135.      0.  4.1900E-02  2.6816E-02
915     56  Ba  136  56136.      1.  3.3117E-05  2.1195E-05
916     56  Ba  136  56136.      0.  2.9264E-04  1.8729E-04
917     56  Ba  137  56137.      0.  5.0225E-02  1.4063E-03
918     56  Ba  137  56137.      1.  4.7509E-02  1.9004E-03
919     56  Ba  138  56138.      0.  5.5614E-02  1.5572E-03
920     56  Ba  139  56139.      0.  5.8529E-02  1.1706E-03
921     56  Ba  140  56140.      0.  5.9547E-02  8.3366E-04
922     56  Ba  141  56141.      0.  5.9289E-02  1.6601E-03
923     56  Ba  142  56142.      0.  5.6102E-02  2.2441E-03
924     56  Ba  143  56143.      0.  5.1836E-02  8.2937E-03
925     56  Ba  144  56144.      0.  3.9361E-02  4.3297E-03
926     56  Ba  145  56145.      0.  2.1924E-02  5.0426E-03
927     56  Ba  146  56146.      0.  1.0032E-02  4.5146E-03
928     56  Ba  147  56147.      0.  2.5013E-03  1.6008E-03
929     56  Ba  148  56148.      0.  4.8120E-04  3.0797E-04
930     56  Ba  149  56149.      0.  4.0429E-05  2.5875E-05
931     56  Ba  150  56150.      0.  3.2699E-06  2.0928E-06
932     56  Ba  151  56151.      0.  1.8656E-07  1.1940E-07
933     56  Ba  152  56152.      0.  3.7699E-09  2.4127E-09
934     56  Ba  153  56153.      0.  5.5640E-11  3.5609E-11
935     56  Ba  154  56154.      0.  4.3699E-13  2.7967E-13
936     57  La  133  57133.      0.  0.0000E+00  0.0000E+00
937     57  La  135  57135.      0.  9.4198E-13  6.0286E-13
938     57  La  137  57137.      0.  5.7999E-09  3.7119E-09
939     57  La  138  57138.      0.  1.7300E-07  1.1072E-07
940     57  La  139  57139.      0.  5.8533E-02  1.1707E-03
941     57  La  140  57140.      0.  5.9597E-02  8.3436E-04
942     57  La  141  57141.      0.  5.9661E-02  1.6705E-03
943     57  La  142  57142.      0.  6.0240E-02  2.4096E-03
944     57  La  143  57143.      0.  6.2372E-02  2.4949E-03
945     57  La  144  57144.      0.  5.7974E-02  3.4784E-03
946     57  La  145  57145.      0.  4.7006E-02  5.1706E-03
947     57  La  146  57146.      1.  1.1949E-02  7.6471E-03
948     57  La  146  57146.      0.  2.1981E-02  1.4068E-02
949     57  La  147  57147.      0.  2.1891E-02  5.0349E-03
950     57  La  148  57148.      0.  1.0342E-02  4.6540E-03
951     57  La  149  57149.      0.  2.3830E-03  1.5251E-03
952     57  La  150  57150.      0.  5.5351E-04  3.5424E-04
953     57  La  151  57151.      0.  6.1368E-05  3.9276E-05
954     57  La  152  57152.      0.  5.5899E-06  3.5775E-06
955     57  La  153  57153.      0.  2.5899E-07  1.6576E-07
956     57  La  154  57154.      0.  6.1798E-09  3.9551E-09
957     57  La  155  57155.      0.  7.7662E-11  4.9704E-11
958     57  La  156  57156.      0.  3.5791E-12  2.2906E-12
959     58  Ce  135  58135.      0.  0.0000E+00  0.0000E+00
960     58  Ce  137  58137.      0.  2.1800E-13  1.3952E-13
961     58  Ce  138  58138.      0.  5.1899E-08  3.3215E-08
962     58  Ce  139  58139.      0.  1.4300E-09  9.1518E-10
963     58  Ce  139  58139.      1.  1.0200E-09  6.5278E-10
964     58  Ce  140  58140.      0.  5.9597E-02  8.3436E-04
965     58  Ce  141  58141.      0.  5.9662E-02  1.1932E-03
966     58  Ce  142  58142.      0.  6.0256E-02  1.6872E-03
967     58  Ce  143  58143.      0.  6.2536E-02  1.2507E-03
968     58  Ce  144  58144.      0.  5.8986E-02  1.6516E-03
969     58  Ce  145  58145.      0.  5.0471E-02  3.0283E-03
970     58  Ce  146  58146.      0.  4.4029E-02  1.7612E-03
971     58  Ce  147  58147.      0.  4.0982E-02  3.2786E-03
972     58  Ce  148  58148.      0.  3.3916E-02  7.8008E-03
973     58  Ce  149  58149.      0.  1.7324E-02  3.9844E-03
974     58  Ce  150  58150.      0.  9.9601E-03  6.3745E-03
975     58  Ce  151  58151.      0.  2.9764E-03  1.9049E-03
976     58  Ce  152  58152.      0.  7.5018E-04  4.8012E-04
977     58  Ce  153  58153.      0.  1.0207E-04  6.5323E-05
978     58  Ce  154  58154.      0.  7.3398E-06  4.6975E-06
979     58  Ce  155  58155.      0.  5.3999E-07  3.4559E-07
980     58  Ce  156  58156.      0.  2.9299E-08  1.8751E-08
981     58  Ce  157  58157.      0.  5.8999E-10  3.7759E-10
982     58  Ce  158  58158.      0.  8.7498E-12  5.5999E-12
983     58  Ce  159  58159.      0.  4.1461E-13  2.6535E-13
984     58  Ce  160  58160.      0.  0.0000E+00  0.0000E+00
985     59  Pr  139  59139.      0.  2.7799E-14  1.7792E-14
986     59  Pr  140  59140.      0.  2.9399E-12  1.8816E-12
987     59  Pr  141  59141.      0.  5.9662E-02  1.1932E-03
988     59  Pr  142  59142.      1.  3.7449E-09  2.3967E-09
989     59  Pr  142  59142.      0.  7.4898E-09  4.7935E-09
990     59  Pr  143  59143.      0.  6.2537E-02  1.2507E-03
991     59  Pr  144  59144.      0.  5.8989E-02  1.6517E-03
992     59  Pr  144  59144.      1.  2.9834E-04  8.3536E-06
993     59  Pr  145  59145.      0.  5.0514E-02  2.0205E-03
994     59  Pr  146  59146.      0.  4.4337E-02  1.7735E-03
995     59  Pr  147  59147.      0.  4.2791E-02  1.7116E-03
996     59  Pr  148  59148.      1.  2.7038E-03  1.7304E-03
997     59  Pr  148  59148.      0.  3.6620E-02  2.3437E-02
998     59  Pr  149  59149.      0.  2.6610E-02  2.1288E-03
999     59  Pr  150  59150.      0.  2.2979E-02  3.6767E-03
1000    59  Pr  151  59151.      0.  1.3670E-02  4.3743E-03
1001    59  Pr  152  59152.      0.  7.7117E-03  4.9355E-03
1002    59  Pr  153  59153.      0.  2.7074E-03  1.7328E-03
1003    59  Pr  154  59154.      0.  5.3995E-04  3.4557E-04
1004    59  Pr  155  59155.      0.  1.1524E-04  7.3752E-05
1005    59  Pr  156  59156.      0.  1.8189E-05  1.1641E-05
1006    59  Pr  157  59157.      0.  1.0800E-06  6.9118E-07
1007    59  Pr  158  59158.      0.  4.8199E-08  3.0847E-08
1008    59  Pr  159  59159.      0.  1.9299E-09  1.2352E-09
1009    59  Pr  160  59160.      0.  4.5499E-11  2.9119E-11
1010    59  Pr  161  59161.      0.  1.0513E-12  6.7284E-13
1011    60  Nd  140  60140.      0.  0.0000E+00  0.0000E+00
1012    60  Nd  141  60141.      0.  0.0000E+00  0.0000E+00
1013    60  Nd  142  60142.      0.  7.4898E-09  4.7935E-09
1014    60  Nd  143  60143.      0.  6.2537E-02  1.2507E-03
1015    60  Nd  144  60144.      0.  5.8989E-02  1.1798E-03
1016    60  Nd  145  60145.      0.  5.0514E-02  2.0206E-03
1017    60  Nd  146  60146.      0.  4.4338E-02  1.7735E-03
1018    60  Nd  147  60147.      0.  4.2805E-02  8.5611E-04
1019    60  Nd  148  60148.      0.  3.9457E-02  3.1565E-03
1020    60  Nd  149  60149.      0.  2.7191E-02  7.6134E-04
1021    60  Nd  150  60150.      0.  2.4429E-02  2.6872E-03
1022    60  Nd  151  60151.      0.  1.9273E-02  7.7092E-04
1023    60  Nd  152  60152.      0.  1.5992E-02  7.1963E-03
1024    60  Nd  153  60153.      0.  1.0696E-02  3.4227E-03
1025    60  Nd  154  60154.      0.  4.7276E-03  3.0257E-03
1026    60  Nd  155  60155.      0.  2.5476E-03  1.6304E-03
1027    60  Nd  156  60156.      0.  1.0708E-03  6.8531E-04
1028    60  Nd  157  60157.      0.  1.7807E-04  1.1396E-04
1029    60  Nd  158  60158.      0.  2.2809E-05  1.4598E-05
1030    60  Nd  159  60159.      0.  2.5399E-06  1.6256E-06
1031    60  Nd  160  60160.      0.  1.7400E-07  1.1136E-07
1032    60  Nd  161  60161.      0.  7.3098E-09  4.6783E-09
1033    60  Nd  162  60162.      0.  1.8799E-10  1.2032E-10
1034    60  Nd  163  60163.      0.  3.0499E-12  1.9520E-12
1035    60  Nd  164  60164.      0.  3.6499E-14  2.3359E-14
1036    61  Pm  141  61141.      0.  0.0000E+00  0.0000E+00
1037    61  Pm  143  61143.      0.  0.0000E+00  0.0000E+00
1038    61  Pm  144  61144.      0.  2.3299E-14  1.4912E-14
1039    61  Pm  145  61145.      0.  2.4199E-12  1.5488E-12
1040    61  Pm  146  61146.      0.  1.5900E-10  1.0176E-10
1041    61  Pm  147  61147.      0.  4.2805E-02  8.5611E-04
1042    61  Pm  148  61148.      0.  6.9198E-08  4.4287E-08
1043    61  Pm  148  61148.      1.  1.4600E-07  9.3438E-08
1044    61  Pm  149  61149.      0.  2.7193E-02  7.6142E-04
1045    61  Pm  150  61150.      0.  1.9229E-05  1.2307E-05
1046    61  Pm  151  61151.      0.  1.9488E-02  5.4566E-04
1047    61  Pm  152  61152.      2.  4.0384E-04  2.5845E-04
1048    61  Pm  152  61152.      0.  1.6396E-02  3.7710E-03
1049    61  Pm  152  61152.      1.  4.0384E-04  2.5845E-04
1050    61  Pm  153  61153.      0.  1.2863E-02  7.7179E-04
1051    61  Pm  154  61154.      0.  7.7057E-03  3.4676E-03
1052    61  Pm  154  61154.      1.  2.5453E-03  1.6290E-03
1053    61  Pm  155  61155.      0.  6.9521E-03  1.5990E-03
1054    61  Pm  156  61156.      0.  5.6536E-03  6.2190E-04
1055    61  Pm  157  61157.      0.  2.1766E-03  1.3930E-03
1056    61  Pm  158  61158.      0.  7.1422E-04  4.5710E-04
1057    61  Pm  159  61159.      0.  2.0658E-04  1.3221E-04
1058    61  Pm  160  61160.      0.  3.9159E-05  2.5062E-05
1059    61  Pm  161  61161.      0.  4.4199E-06  2.8287E-06
1060    61  Pm  162  61162.      0.  3.0999E-07  1.9839E-07
1061    61  Pm  163  61163.      0.  1.4300E-08  9.1518E-09
1062    61  Pm  164  61164.      0.  4.7699E-10  3.0527E-10
1063    61  Pm  165  61165.      0.  9.6398E-12  6.1694E-12
1064    61  Pm  166  61166.      0.  1.5758E-13  1.0085E-13
1065    61  Pm  167  61167.      0.  4.3577E-15  2.7889E-15
1066    62  Sm  143  62143.      0.  0.0000E+00  0.0000E+00
1067    62  Sm  143  62143.      1.  0.0000E+00  0.0000E+00
1068    62  Sm  144  62144.      0.  0.0000E+00  0.0000E+00
1069    62  Sm  145  62145.      0.  0.0000E+00  0.0000E+00
1070    62  Sm  146  62146.      0.  5.5799E-11  3.5711E-11
1071    62  Sm  147  62147.      0.  4.2805E-02  8.5611E-04
1072    62  Sm  148  62148.      0.  2.0800E-07  1.3312E-07
1073    62  Sm  149  62149.      0.  2.7193E-02  7.6142E-04
1074    62  Sm  150  62150.      0.  1.9279E-05  1.2339E-05
1075    62  Sm  151  62151.      0.  1.9489E-02  5.4568E-04
1076    62  Sm  152  62152.      0.  1.7217E-02  1.8938E-03
1077    62  Sm  153  62153.      0.  1.2929E-02  3.6201E-04
1078    62  Sm  154  62154.      0.  1.0670E-02  1.1737E-03
1079    62  Sm  155  62155.      0.  7.9114E-03  4.7468E-04
1080    62  Sm  156  62156.      0.  6.6671E-03  4.0003E-04
1081    62  Sm  157  62157.      0.  5.0237E-03  8.0380E-04
1082    62  Sm  158  62158.      0.  3.1597E-03  2.0222E-03
1083    62  Sm  159  62159.      0.  1.9669E-03  1.2588E-03
1084    62  Sm  160  62160.      0.  9.0662E-04  5.8023E-04
1085    62  Sm  161  62161.      0.  2.5378E-04  1.6242E-04
1086    62  Sm  162  62162.      0.  4.6039E-05  2.9465E-05
1087    62  Sm  163  62163.      0.  5.7899E-06  3.7055E-06
1088    62  Sm  164  62164.      0.  5.2299E-07  3.3471E-07
1089    62  Sm  165  62165.      0.  2.9799E-08  1.9071E-08
1090    62  Sm  166  62166.      0.  1.2900E-09  8.2558E-10
1091    62  Sm  167  62167.      0.  3.0299E-11  1.9392E-11
1092    62  Sm  168  62168.      0.  4.6299E-13  2.9631E-13
1093    62  Sm  169  62169.      0.  6.9174E-15  4.4271E-15
1094    62  Sm  170  62170.      0.  0.0000E+00  0.0000E+00
1095    63  Eu  147  63147.      0.  0.0000E+00  0.0000E+00
1096    63  Eu  149  63149.      0.  2.7499E-14  1.7600E-14
1097    63  Eu  151  63151.      0.  1.9489E-02  5.4568E-04
1098    63  Eu  152  63152.      2.  2.8999E-09  1.8559E-09
1099    63  Eu  152  63152.      0.  4.3499E-09  2.7839E-09
1100    63  Eu  152  63152.      1.  4.3499E-09  2.7839E-09
1101    63  Eu  153  63153.      0.  1.2929E-02  3.6201E-04
1102    63  Eu  154  63154.      1.  1.2900E-06  8.2558E-07
1103    63  Eu  154  63154.      0.  2.5799E-06  1.6512E-06
1104    63  Eu  155  63155.      0.  7.9287E-03  3.1715E-04
1105    63  Eu  156  63156.      0.  6.7664E-03  1.8946E-04
1106    63  Eu  157  63157.      0.  5.3734E-03  2.1493E-04
1107    63  Eu  158  63158.      0.  4.6401E-03  1.0672E-03
1108    63  Eu  159  63159.      0.  3.2775E-03  5.2440E-04
1109    63  Eu  160  63160.      0.  2.4768E-03  7.9259E-04
1110    63  Eu  161  63161.      0.  1.3149E-03  8.4153E-04
1111    63  Eu  162  63162.      0.  5.1587E-04  3.3015E-04
1112    63  Eu  163  63163.      0.  1.5736E-04  1.0071E-04
1113    63  Eu  164  63164.      0.  3.5699E-05  2.2847E-05
1114    63  Eu  165  63165.      0.  5.4599E-06  3.4943E-06
1115    63  Eu  166  63166.      0.  6.3098E-07  4.0383E-07
1116    63  Eu  167  63167.      0.  4.0499E-08  2.5919E-08
1117    63  Eu  168  63168.      0.  1.7500E-09  1.1200E-09
1118    63  Eu  169  63169.      0.  3.2199E-11  2.0608E-11
1119    63  Eu  170  63170.      0.  9.7798E-13  6.2590E-13
1120    63  Eu  171  63171.      0.  1.3016E-14  8.3300E-15
1121    63  Eu  172  63172.      0.  2.6507E-16  1.6965E-16
1122    64  Gd  147  64147.      0.  0.0000E+00  0.0000E+00
1123    64  Gd  149  64149.      0.  0.0000E+00  0.0000E+00
1124    64  Gd  151  64151.      0.  0.0000E+00  0.0000E+00
1125    64  Gd  152  64152.      0.  4.5599E-09  2.0519E-09
1126    64  Gd  153  64153.      0.  2.3499E-11  1.5040E-11
1127    64  Gd  154  64154.      0.  2.5799E-06  1.6512E-06
1128    64  Gd  155  64155.      0.  7.9287E-03  3.1715E-04
1129    64  Gd  156  64156.      0.  6.7668E-03  1.8947E-04
1130    64  Gd  157  64157.      0.  5.3781E-03  2.1512E-04
1131    64  Gd  158  64158.      0.  4.6960E-03  5.1656E-04
1132    64  Gd  159  64159.      0.  3.4015E-03  2.0409E-04
1133    64  Gd  160  64160.      0.  2.8512E-03  3.1364E-04
1134    64  Gd  161  64161.      0.  1.9097E-03  1.5277E-04
1135    64  Gd  162  64162.      0.  1.1263E-03  5.0684E-04
1136    64  Gd  163  64163.      0.  6.2581E-04  4.0052E-04
1137    64  Gd  164  64164.      0.  2.9372E-04  1.8798E-04
1138    64  Gd  165  64165.      0.  1.0507E-04  6.7243E-05
1139    64  Gd  166  64166.      0.  2.9819E-05  1.9084E-05
1140    64  Gd  167  64167.      0.  4.9099E-06  3.1423E-06
1141    64  Gd  168  64168.      0.  5.7599E-07  3.6863E-07
1142    64  Gd  169  64169.      0.  2.8599E-08  1.8303E-08
1143    64  Gd  170  64170.      0.  2.4399E-09  1.5616E-09
1144    64  Gd  171  64171.      0.  9.0498E-11  5.7919E-11
1145    64  Gd  172  64172.      0.  2.1699E-12  1.3888E-12
1146    65  Tb  151  65151.      0.  0.0000E+00  0.0000E+00
1147    65  Tb  153  65153.      0.  0.0000E+00  0.0000E+00
1148    65  Tb  155  65155.      0.  2.4299E-12  1.5552E-12
1149    65  Tb  156  65156.      0.  1.2400E-10  7.9358E-11
1150    65  Tb  156  65156.      1.  1.3000E-11  8.3198E-12
1151    65  Tb  157  65157.      0.  3.8199E-09  2.4447E-09
1152    65  Tb  158  65158.      0.  1.3300E-07  5.9849E-08
1153    65  Tb  158  65158.      1.  1.3300E-08  5.9848E-09
1154    65  Tb  159  65159.      0.  3.4023E-03  2.0414E-04
1155    65  Tb  160  65160.      0.  6.7298E-06  4.3071E-06
1156    65  Tb  161  65161.      0.  1.9368E-03  7.7472E-05
1157    65  Tb  162  65162.      0.  1.1380E-03  3.6418E-04
1158    65  Tb  162  65162.      1.  5.6809E-05  3.6358E-05
1159    65  Tb  163  65163.      0.  7.5427E-04  2.4137E-04
1160    65  Tb  164  65164.      0.  4.5882E-04  1.4682E-04
1161    65  Tb  165  65165.      0.  2.5602E-04  1.6386E-04
1162    65  Tb  166  65166.      0.  1.3338E-04  8.5361E-05
1163    65  Tb  167  65167.      0.  4.6329E-05  2.9651E-05
1164    65  Tb  168  65168.      0.  1.2970E-05  8.3006E-06
1165    65  Tb  169  65169.      0.  1.6000E-06  1.0240E-06
1166    65  Tb  170  65170.      0.  3.6399E-07  2.3295E-07
1167    65  Tb  171  65171.      0.  3.5999E-08  2.3039E-08
1168    65  Tb  172  65172.      0.  2.3499E-09  1.5040E-09
1169    66  Dy  155  66155.      0.  0.0000E+00  0.0000E+00
1170    66  Dy  156  66156.      0.  0.0000E+00  0.0000E+00
1171    66  Dy  157  66157.      0.  2.5999E-13  1.6640E-13
1172    66  Dy  158  66158.      0.  2.1400E-08  9.6298E-09
1173    66  Dy  159  66159.      0.  4.7199E-10  3.0207E-10
1174    66  Dy  160  66160.      0.  6.7398E-06  4.3135E-06
1175    66  Dy  161  66161.      0.  1.9369E-03  7.7476E-05
1176    66  Dy  162  66162.      0.  1.1957E-03  1.9131E-04
1177    66  Dy  163  66163.      0.  7.5837E-04  1.2134E-04
1178    66  Dy  164  66164.      0.  4.7204E-04  7.5526E-05
1179    66  Dy  165  66165.      0.  2.8270E-04  9.0465E-05
1180    66  Dy  165  66165.      1.  1.3191E-04  8.4420E-05
1181    66  Dy  166  66166.      0.  1.8194E-04  2.0014E-05
1182    66  Dy  167  66167.      0.  9.1428E-05  4.1142E-05
1183    66  Dy  168  66168.      0.  4.4989E-05  2.8793E-05
1184    66  Dy  169  66169.      0.  1.1200E-05  7.1678E-06
1185    66  Dy  170  66170.      0.  5.8498E-06  3.7439E-06
1186    66  Dy  171  66171.      0.  1.4000E-06  8.9598E-07
1187    66  Dy  172  66172.      0.  2.3299E-07  1.4912E-07
1188    67  Ho  159  67159.      0.  1.5300E-14  9.7918E-15
1189    67  Ho  159  67159.      1.  0.0000E+00  0.0000E+00
1190    67  Ho  161  67161.      0.  3.2699E-11  2.0927E-11
1191    67  Ho  161  67161.      1.  4.2499E-12  2.7199E-12
1192    67  Ho  162  67162.      0.  4.4699E-10  2.8607E-10
1193    67  Ho  162  67162.      1.  4.2199E-10  2.7007E-10
1194    67  Ho  163  67163.      0.  8.3598E-09  5.3503E-09
1195    67  Ho  163  67163.      1.  1.0900E-09  6.9758E-10
1196    67  Ho  164  67164.      0.  7.2198E-08  4.6207E-08
1197    67  Ho  164  67164.      1.  5.0499E-08  3.2319E-08
1198    67  Ho  165  67165.      0.  2.8644E-04  4.5831E-05
1199    67  Ho  166  67166.      0.  1.8255E-04  2.0080E-05
1200    67  Ho  166  67166.      1.  1.4000E-06  8.9598E-07
1201    67  Ho  167  67167.      0.  9.5638E-05  3.0604E-05
1202    67  Ho  168  67168.      0.  5.2319E-05  1.6742E-05
1203    67  Ho  169  67169.      0.  1.6350E-05  7.3573E-06
1204    67  Ho  170  67170.      0.  9.3398E-06  5.9775E-06
1205    67  Ho  170  67170.      1.  3.4799E-06  2.2271E-06
1206    67  Ho  171  67171.      0.  5.4499E-06  3.4879E-06
1207    67  Ho  172  67172.      0.  1.8599E-06  1.1904E-06
1208    68  Er  161  68161.      0.  0.0000E+00  0.0000E+00
1209    68  Er  162  68162.      0.  3.6899E-14  2.3615E-14
1210    68  Er  163  68163.      0.  1.4600E-12  9.3438E-13
1211    68  Er  164  68164.      0.  3.8299E-08  1.7235E-08
1212    68  Er  165  68165.      0.  6.0199E-10  3.8527E-10
1213    68  Er  166  68166.      0.  1.8395E-04  2.0235E-05
1214    68  Er  167  68167.      0.  9.5678E-05  1.5308E-05
1215    68  Er  167  68167.      1.  9.5698E-06  4.3064E-06
1216    68  Er  168  68168.      0.  5.2509E-05  8.4014E-06
1217    68  Er  169  68169.      0.  1.6690E-05  3.8386E-06
1218    68  Er  170  68170.      0.  1.3970E-05  6.2863E-06
1219    68  Er  171  68171.      0.  7.0298E-06  3.1634E-06
1220    68  Er  172  68172.      0.  3.3399E-06  2.1375E-06
1221    69  Tm  165  69165.      0.  4.6499E-14  2.9759E-14
1222    69  Tm  166  69166.      0.  1.5900E-12  1.0176E-12
1223    69  Tm  167  69167.      0.  2.4399E-11  1.5616E-11
1224    69  Tm  168  69168.      0.  3.1699E-10  2.0287E-10
1225    69  Tm  169  69169.      0.  1.6690E-05  3.8386E-06
1226    69  Tm  170  69170.      0.  1.3900E-08  8.8958E-09
1227    69  Tm  171  69171.      0.  7.0798E-06  3.1859E-06
1228    69  Tm  172  69172.      0.  3.4599E-06  1.5570E-06
1229    70  Yb  166  70166.      0.  0.0000E+00  0.0000E+00
1230    70  Yb  167  70167.      0.  0.0000E+00  0.0000E+00
1231    70  Yb  168  70168.      0.  4.4799E-14  2.8671E-14
1232    70  Yb  169  70169.      0.  6.2298E-13  3.9871E-13
1233    70  Yb  169  70169.      1.  8.1098E-14  5.1903E-14
1234    70  Yb  170  70170.      0.  1.3800E-08  8.8318E-09
1235    70  Yb  171  70171.      0.  7.0798E-06  3.1859E-06
1236    70  Yb  172  70172.      0.  3.4599E-06  1.5570E-06
1237    71  Lu  169  71169.      0.  0.0000E+00  0.0000E+00
1238    71  Lu  169  71169.      1.  0.0000E+00  0.0000E+00
1239    71  Lu  171  71171.      0.  2.5499E-14  1.6320E-14
1240    71  Lu  171  71171.      1.  1.2700E-14  8.1278E-15
1241    71  Lu  172  71172.      0.  4.3799E-13  2.8031E-13
1242    71  Lu  172  71172.      1.  2.1900E-13  1.4016E-13
1243    72  Hf  171  72171.      0.  0.0000E+00  0.0000E+00
1244    72  Hf  172  72172.      0.  0.0000E+00  0.0000E+00
